HH88   540960.0  6601146.6  1051.9
HH89   540974.6  6601146.6  1051.8
HH90   540989.2  6601146.6  1051.8
HH91   541003.8  6601146.6  1051.8
HH105  540952.7  6601159.2  1051.8
HH106  540967.3  6601159.2  1051.7
HH107  540981.9  6601159.2  1051.7
HH108  540996.5  6601159.2  1051.7
HH124  540960.0  6601171.9  1051.6
HH125  540974.6  6601171.9  1051.6
HH126  540989.2  6601171.9  1051.5
HH143  540952.7  6601184.5  1051.4
HH144  540967.3  6601184.5  1051.4
HH145  540981.9  6601184.5  1051.4
HH146  541003.8  6601180.3  1051.7
HH147  541018.4  6601180.3  1051.5
HH148  541033.0  6601180.3  1051.5
HH149  541047.6  6601180.3  1051.6
HH150  541062.2  6601180.3  1051.5
HH163  540952.7  6601201.4  1051.2
HH164  540967.3  6601201.4  1051.3
HH165  540981.9  6601201.4  1051.3
HH166  540996.5  6601193.0  1051.5
HH167  541011.1  6601193.0  1051.4
HH168  541025.7  6601193.0  1051.4
HH169  541040.3  6601193.0  1051.4
HH170  541054.9  6601193.0  1051.4
HH184  540960.0  6601214.0  1051.2
HH185  540974.6  6601214.0  1051.2
HH186  540989.2  6601214.0  1051.2
HH187  541003.8  6601205.6  1051.3
HH188  541018.4  6601205.6  1051.3
HH189  541033.0  6601205.6  1051.3
HH190  541047.6  6601205.6  1051.3
HH191  541062.2  6601205.6  1051.3
HH204  540967.3  6601226.7  1051.0
HH205  540981.9  6601226.7  1051.1
HH206  540996.5  6601226.7  1051.1
HH207  541011.1  6601218.2  1051.1
HH223  540974.6  6601239.3  1051.1
HH224  540989.2  6601239.3  1050.9
HH225  541003.8  6601239.3  1051.0
HH226  541018.4  6601230.9  1051.0
HH240  540967.3  6601252.0  1050.8
HH241  540981.9  6601252.0  1050.8
HH242  540996.5  6601252.0  1050.8
HH243  541011.1  6601252.0  1050.8
HH208  541025.7  6601218.2  1051.1
HH209  541040.3  6601218.2  1051.2
HH210  541054.9  6601218.2  1051.2
HH211  541069.5  6601218.2  1051.2
HH227  541033.0  6601230.9  1051.0
HH228  541047.6  6601230.9  1051.1
HH229  541062.2  6601230.9  1051.0
HH244  541025.7  6601243.5  1050.9
HH245  541040.3  6601243.5  1050.9
HH246  541054.9  6601243.5  1051.0
HH247  541069.5  6601243.5  1051.0
HH261  541033.0  6601256.2  1050.8
HH139  540894.3  6601184.5  1051.4
HH140  540908.9  6601184.5  1051.4
HH141  540923.5  6601184.5  1051.4
HH142  540938.1  6601184.5  1051.4
HH159  540894.3  6601201.4  1051.2
HH160  540908.9  6601201.4  1051.2
HH161  540923.5  6601201.4  1051.2
HH162  540938.1  6601201.4  1051.2
HH180  540901.6  6601214.0  1051.1
HH181  540916.2  6601214.0  1051.1
HH182  540930.8  6601214.0  1051.2
HH183  540945.4  6601214.0  1051.1
HH84   540901.6  6601146.6  1051.8
HH85   540916.2  6601146.6  1051.8
HH86   540930.8  6601146.6  1051.8
HH87   540945.4  6601146.6  1051.8
HH101  540894.3  6601159.2  1051.6
HH102  540908.9  6601159.2  1051.6
HH103  540923.5  6601159.2  1051.6
HH104  540938.1  6601159.2  1051.7
HH120  540901.6  6601171.9  1051.5
HH121  540916.2  6601171.9  1051.5
HH122  540930.8  6601171.9  1051.5
HH123  540945.4  6601171.9  1051.6
HH200  540908.9  6601226.7  1051.0
HH201  540923.5  6601226.7  1051.0
HH202  540938.1  6601226.7  1051.0
HH203  540952.7  6601226.7  1051.0
HH219  540916.2  6601239.3  1050.9
HH220  540930.8  6601239.3  1050.9
HH221  540945.4  6601239.3  1050.9
HH222  540960.0  6601239.3  1050.9
HH236  540908.9  6601252.0  1050.8
HH237  540923.5  6601252.0  1050.8
HH238  540938.1  6601252.0  1050.8
HH239  540952.7  6601252.0  1050.8
HH43   540981.9  6601108.7  1052.2
HH44   540996.5  6601108.7  1052.2
HH45   541011.1  6601108.7  1052.2
HH46   541025.7  6601108.7  1052.2
HH58   540989.2  6601121.3  1052.0
HH59   541003.8  6601121.3  1052.0
HH60   541018.4  6601121.3  1052.0
HH73   540981.9  6601134.0  1052.0
HH74   540996.5  6601134.0  1051.9
HH75   541011.1  6601134.0  1052.0
HH76   541033.0  6601129.8  1052.0
HH92   541025.7  6601142.4  1051.9
HH93   541040.3  6601142.4  1051.9
HH94   541054.9  6601142.4  1052.1
HH109  541018.4  6601155.0  1051.7
HH110  541033.0  6601155.0  1051.8
HH111  541047.6  6601155.0  1051.8
HH112  541062.2  6601155.0  1051.8
HH127  541011.1  6601167.7  1051.6
HH128  541025.7  6601167.7  1051.6
HH129  541040.3  6601167.7  1051.6
HH130  541054.9  6601167.7  1051.7
HA330  540762.9  6601032.8  1053.1
HA334  540689.9  6601159.2  1051.6
HA338  540762.9  6601285.7  1050.4
HH40   540938.1  6601108.7  1052.2
HH41   540952.7  6601108.7  1052.2
HH42   540967.3  6601108.7  1052.2
HH54   540930.8  6601121.3  1052.1
HH55   540945.4  6601121.3  1052.0
HH56   540960.0  6601121.3  1052.1
HH57   540974.6  6601121.3  1052.1
HH69   540923.5  6601134.0  1051.9
HH70   540938.1  6601134.0  1051.9
HH71   540952.7  6601134.0  1052.0
HH72   540967.3  6601134.0  1052.0
HH81   540857.8  6601146.6  1051.9
HH82   540872.4  6601146.6  1051.8
HH98   540850.5  6601159.2  1051.8
HH99   540865.1  6601159.2  1051.6
HH100  540879.7  6601159.2  1051.6
HH116  540843.2  6601171.9  1051.7
HH117  540857.8  6601171.9  1051.6
HH118  540872.4  6601171.9  1051.5
HH119  540887.0  6601171.9  1051.5
HH135  540835.9  6601184.5  1051.4
HH136  540850.5  6601184.5  1051.5
HH137  540865.1  6601184.5  1051.4
HH138  540879.7  6601184.5  1051.4
HH155  540835.9  6601201.4  1051.2
HH156  540850.5  6601201.4  1051.3
HH157  540865.1  6601201.4  1051.2
HH158  540879.7  6601201.4  1051.2
HH176  540843.2  6601214.0  1051.1
HH177  540857.8  6601214.0  1051.1
HH178  540872.4  6601214.0  1051.1
HH179  540887.0  6601214.0  1051.1
